abcd 19052101 女 19 1.89 73.4 57 11 62 54 21 38 68 86 50 93 
uyue 19052102 男 19 1.86 48.2 78 86 17 38 76 69 79 59 32 84 
iyge 19052103 男 20 1.65 95.3 87 70 17 72 52 18 83 99 26 94 
bokw 19052104 男 20 1.95 71.1 26 49 14 100 96 62 11 83 70 26 
kuqc 19052105 女 19 1.76 55.9 93 73 22 71 93 44 83 17 27 98 
ngym 19052106 女 19 2.06 99.3 84 38 84 15 36 23 79 83 59 1 
bvqg 19052107 男 20 1.93 40.7 64 28 46 63 42 6 32 84 84 11 
nmtw 19052108 女 19 1.78 55.6 4 86 67 19 19 7 35 36 77 8 
qcww 19052109 男 20 1.73 95.7 65 98 81 70 90 25 61 52 99 9 
cyru 19052110 女 20 1.78 49.8 47 37 43 97 77 73 57 71 60 35 
jilm 19052111 女 20 1.72 64.6 74 91 54 79 31 94 42 9 32 27 
pand 19052112 女 19 1.91 60.5 69 46 23 65 58 53 16 49 36 94 
qobm 19052113 女 19 2.09 50.4 49 25 86 27 21 40 48 68 81 91 
tfmm 19052114 男 20 1.9 71.2 97 20 24 73 41 61 33 37 5 40 
kgcw 19052115 女 20 1.89 60.5 34 62 52 62 2 88 18 97 18 48 
wqpv 19052116 女 19 2.19 97.4 57 35 61 89 13 63 52 65 63 29 
ztgw 19052117 男 20 1.76 67.3 75 28 89 98 56 46 15 50 98 48 
jfrl 19052118 男 20 1.73 68.2 36 30 85 87 35 61 17 18 89 45 
vczy 19052119 女 19 1.93 54.5 14 15 25 62 66 55 95 64 36 86 
gqoi 19052120 男 19 2.02 46.4 23 66 68 16 96 13 48 49 77 7 
ymne 19052121 男 20 2.07 45.3 91 23 86 30 46 19 6 1 96 50 
chyr 19052122 男 20 1.73 61.1 20 95 34 48 64 55 82 90 41 77 
kkyu 19052123 女 20 1.52 88 14 45 41 37 18 29 91 18 83 54 
jzbw 19052124 男 20 2.14 95.2 25 41 24 51 75 51 33 79 5 81 
ezxl 19052125 男 20 2 46.3 19 32 57 71 9 32 9 77 8 94 
tcxq 19052126 女 20 1.79 95.3 92 22 61 100 95 83 25 98 97 73 
tuxm 19052127 男 20 1.81 91.1 17 75 60 36 61 57 84 1 60 60 
hpod 19052128 男 19 2.05 46.9 5 1 20 42 75 37 56 82 96 9 
zgdc 19052129 女 19 2.18 58.7 16 73 79 9 43 63 66 24 63 66 
hshy 19052130 女 19 1.64 59 61 2 82 52 22 20 91 22 29 17 
edrp 19052131 女 20 1.93 63.7 94 68 34 93 87 38 55 18 92 61 
qrff 19052132 男 19 1.74 79.6 66 41 54 21 82 21 91 59 52 65 
fvuy 19052133 男 19 1.66 97.9 19 18 35 66 57 59 86 85 6 49 
xjjd 19052134 女 19 1.57 98.6 95 92 95 45 51 91 98 35 12 21 
odyz 19052135 男 20 2.01 70.9 87 92 39 33 62 58 29 76 20 73 
sypy 19052136 男 19 2.08 70.3 77 9 86 19 71 15 21 87 80 67 
stbh 19052137 男 20 1.63 59.8 24 44 90 4 83 44 60 80 2 77 
rcfw 19052138 女 20 1.88 95.9 57 43 89 4 87 22 82 30 80 13 
ujyc 19052139 女 20 1.56 84.8 41 66 35 27 30 88 33 95 9 94 
pivk 19052140 女 20 1.87 98.6 44 48 27 62 59 28 46 54 6 79 
