grht 19052101 男 20 1.79 49.5 27.0 32.0 46.0 19.0 18.0 50.0 2.0 23.0 99.0 76.0 
ricd 19052102 女 20 1.89 79.3 63.0 85.0 83.0 15.0 62.0 53.0 93.0 13.0 43.0 76.0 
bsph 19052103 女 19 2.19 99.1 14.0 26.0 11.0 55.0 72.0 3.0 48.0 91.0 91.0 5.0 
vocy 19052104 男 19 1.79 67.5 39.0 85.0 63.0 92.0 22.0 4.0 26.0 49.0 4.0 20.0 
kupw 19052105 男 19 1.54 48.4 5.0 40.0 66.0 43.0 13.0 64.0 48.0 19.0 59.0 36.0 
caog 19052106 女 19 1.76 46.7 100.0 58.0 10.0 10.0 57.0 19.0 49.0 79.0 73.0 34.0 
ungz 19052107 男 20 2.14 63.7 65.0 45.0 99.0 76.0 94.0 21.0 50.0 47.0 57.0 25.0 
smkh 19052108 男 19 1.79 86.4 89.0 1.0 78.0 84.0 92.0 3.0 97.0 67.0 41.0 55.0 
ggkl 19052109 女 20 1.62 84.8 39.0 41.0 60.0 97.0 33.0 53.0 37.0 92.0 53.0 13.0 
woss 19052110 女 20 1.41 83.6 12.0 64.0 28.0 61.0 79.0 20.0 38.0 62.0 18.0 36.0 
xthj 19052111 女 19 2.11 63.8 34.0 9.0 28.0 49.0 47.0 30.0 59.0 41.0 73.0 47.0 
dtsc 19052112 女 19 1.54 81.9 40.0 66.0 71.0 53.0 69.0 69.0 68.0 75.0 33.0 67.0 
ivrc 19052113 男 19 1.88 58.9 17.0 100.0 30.0 80.0 48.0 6.0 30.0 45.0 78.0 61.0 
uojh 19052114 女 19 1.47 98.0 71.0 35.0 35.0 66.0 98.0 24.0 80.0 63.0 27.0 3.0 
qhvm 19052115 女 20 1.88 87.9 9.0 88.0 72.0 55.0 74.0 61.0 75.0 32.0 49.0 40.0 
mwsy 19052116 男 20 1.47 42.3 67.0 21.0 61.0 61.0 90.0 33.0 81.0 40.0 58.0 28.0 
kaos 19052117 男 20 1.7 85.9 90.0 100.0 8.0 5.0 11.0 5.0 53.0 3.0 46.0 26.0 
adct 19052118 男 20 2.0 59.8 91.0 4.0 17.0 70.0 98.0 41.0 100.0 57.0 8.0 95.0 
uncf 19052119 男 19 1.74 72.1 58.0 47.0 19.0 85.0 46.0 71.0 5.0 79.0 11.0 67.0 
teys 19052120 女 20 2.03 60.8 36.0 35.0 9.0 81.0 96.0 46.0 87.0 7.0 16.0 63.0 
fsdf 19052121 男 19 1.46 63.5 18.0 77.0 4.0 2.0 65.0 80.0 77.0 33.0 80.0 66.0 
jkcb 19052122 女 20 2.1 53.0 24.0 99.0 3.0 23.0 16.0 29.0 32.0 83.0 39.0 1.0 
tedt 19052123 男 19 2.02 88.1 70.0 56.0 35.0 38.0 40.0 38.0 29.0 59.0 2.0 56.0 
xajq 19052124 男 20 1.64 56.8 8.0 95.0 22.0 96.0 90.0 79.0 36.0 35.0 71.0 90.0 
nyds 19052125 男 19 1.93 46.9 99.0 6.0 95.0 74.0 56.0 68.0 17.0 86.0 86.0 8.0 
ftgj 19052126 男 19 1.42 90.8 77.0 29.0 85.0 26.0 34.0 32.0 61.0 62.0 38.0 86.0 
uloe 19052127 女 20 1.65 67.9 91.0 33.0 12.0 80.0 26.0 79.0 92.0 73.0 19.0 41.0 
teeh 19052128 男 20 1.98 45.4 28.0 88.0 65.0 62.0 14.0 21.0 49.0 52.0 25.0 7.0 
ocyc 19052129 女 19 1.81 80.2 32.0 96.0 65.0 22.0 22.0 31.0 41.0 97.0 66.0 2.0 
jtpm 19052130 男 20 2.05 50.0 38.0 98.0 20.0 42.0 76.0 72.0 92.0 24.0 24.0 6.0 
ccfc 19052131 男 20 2.01 54.4 100.0 76.0 61.0 67.0 36.0 10.0 100.0 50.0 77.0 25.0 
fnvr 19052132 女 19 1.85 86.6 93.0 16.0 86.0 35.0 16.0 13.0 29.0 16.0 25.0 5.0 
kwgu 19052133 女 19 1.62 89.9 72.0 37.0 49.0 40.0 74.0 71.0 55.0 97.0 50.0 94.0 
bfgj 19052134 女 19 1.94 55.6 56.0 24.0 39.0 35.0 25.0 79.0 36.0 62.0 49.0 10.0 
dovu 19052135 女 20 1.78 62.1 62.0 93.0 86.0 96.0 69.0 73.0 33.0 6.0 42.0 36.0 
zcqr 19052136 男 19 1.88 54.6 33.0 10.0 85.0 89.0 39.0 99.0 91.0 5.0 66.0 98.0 
jvtb 19052137 女 20 1.74 41.6 25.0 9.0 94.0 51.0 4.0 8.0 11.0 95.0 1.0 3.0 
qrdi 19052138 男 19 1.49 90.8 53.0 98.0 83.0 72.0 80.0 80.0 46.0 92.0 87.0 14.0 
arre 19052139 男 19 1.94 89.7 5.0 35.0 92.0 87.0 26.0 36.0 66.0 53.0 75.0 56.0 
zbwy 19052140 男 20 1.77 92.8 63.0 61.0 98.0 37.0 81.0 52.0 63.0 88.0 20.0 66.0 
